-1.0 0.0 -0.0002 3.141592653589793
-1.0 -2.4985186078420825e-07 -0.00019990519768679768 3.141592653589793
-1.0 -6.245860945479765e-07 -0.0001992178124036776 3.141592653589793
-1.0 -1.8164294349092887e-06 -0.00019866739625205458 3.141592653589793
-1.0 -2.267035670229125e-06 -0.00019984581608539762 3.141592653589793
-1.0 -3.371216299226758e-06 -0.0001986573854019665 3.141592653589793
-1.0 -2.747393108944944e-06 -0.00019779595976398296 3.141592653589793
-1.0 2.1016008319125645e-07 -0.0001987148258596114 3.141592653589793
-1.0 1.600253789132816e-06 -0.00019869110331363748 3.141592653589793
-1.0 4.6682035188297806e-07 -0.00019777473396413492 3.141592653589793
-1.0 4.3601189406347086e-07 -0.00019590675549063677 3.141592653589793
-1.0 2.252438021931167e-06 -0.00019462808489865692 3.141592653589793
-1.0 2.8737406459763e-06 -0.00019238914145152172 3.141592653589793
-1.0 3.7573895336178053e-06 -0.00019077741785891223 3.141592653589793
-1.0 3.4791628134021752e-06 -0.0001910505151247844 3.141592653589793
-1.0 3.6585131263432734e-06 -0.0001904003419133406 3.141592653589793
-1.0 4.2677595469322415e-06 -0.0001909039001329519 3.141592653589793
-1.0 3.1205452363067706e-06 -0.00019113438235200293 3.141592653589793
-1.0 3.07952832437495e-06 -0.00018981070219662268 3.141592653589793
-1.0 2.3365981715309355e-06 -0.0001888910585592646 3.141592653589793
-1.0 2.7353293505229216e-06 -0.00018844994595173796 3.141592653589793
-1.0 3.470984328231016e-06 -0.00018953444934861178 3.141592653589793
-1.0 2.3975171720557686e-06 -0.00019011700870523828 3.141592653589793
-1.0 2.2746975787082956e-06 -0.00018838597602042288 3.141592653589793
-1.0 1.3705205251125534e-06 -0.0001878591019105378 3.141592653589793
-1.0 -1.9340566239377235e-07 -0.00018677926166024754 3.141592653589793
-1.0 -4.40732609091954e-07 -0.00018519007417531328 3.141592653589793
-1.0 -1.710229651107158e-07 -0.00018545807498055743 3.141592653589793
-1.0 -7.977690741031314e-07 -0.0001841019304273506 3.141592653589793
-1.0 -7.240100144978611e-07 -0.00018362603749175684 3.141592653589793
-1.0 -6.617709899449874e-07 -0.00018428410898471692 3.141592653589793
-1.0 -4.676995960587752e-07 -0.0001850362737270367 3.141592653589793
-1.0 -2.038089228104031e-06 -0.000182035787260537 3.141592653589793
-1.0 -3.6385600289833862e-06 -0.00018196178240133164 3.141592653589793
-1.0 -2.7669944505778793e-06 -0.00018169193615078286 3.141592653589793
-1.0 -3.700005209661432e-06 -0.00018171575127954134 3.141592653589793
-1.0 -3.382254063067482e-06 -0.00018079260474674605 3.141592653589793
-1.0 -3.8252818104681326e-06 -0.00018142289743189433 3.141592653589793
-1.0 -4.36919712518598e-06 -0.00018193054100983623 3.141592653589793
-1.0 -3.669357099585619e-06 -0.0001797959937460701 3.141592653589793
-1.0 -4.50592368438295e-06 -0.00018011713052574447 3.141592653589793
-1.0 -4.7133340100522e-06 -0.00017949206750554866 3.141592653589793
-1.0 -5.225312260439393e-06 -0.00017871373414035034 3.141592653589793
-1.0 -5.836297366669571e-06 -0.00017702223932944576 3.141592653589793
-1.0 -6.781576403220835e-06 -0.00017757307197669898 3.141592653589793
-1.0 -5.947477899120281e-06 -0.00017772640137205792 3.141592653589793
-1.0 -6.4088248387813685e-06 -0.00017789643374479562 3.141592653589793
-1.0 -7.5273514347064305e-06 -0.0001770265545149766 3.141592653589793
-1.0 -5.173149121918711e-06 -0.00017569262494084942 3.141592653589793
-1.0 -5.052116618397738e-06 -0.00017397462635268998 3.141592653589793
-1.0 -4.753524870731611e-06 -0.00017303797666031574 3.141592653589793
-1.0 -5.540733416031856e-06 -0.00017231559983097843 3.141592653589793
-1.0 -6.1725804927411165e-06 -0.00017232157287681174 3.141592653589793
-1.0 -6.093239894648162e-06 -0.00016888634756029273 3.141592653589793
-1.0 -5.5212461372348345e-06 -0.0001672162007967109 3.141592653589793
-1.0 -5.918992159924708e-06 -0.00016549902520491004 3.141592653589793
-1.0 -5.1391283488080165e-06 -0.00016425202012778986 3.141592653589793
-1.0 -5.435058217039652e-06 -0.00016461459503855152 3.141592653589793
-1.0 -3.2577768375769943e-06 -0.00016338595428065937 3.141592653589793
-1.0 -2.949065392582648e-06 -0.00016166716712420317 3.141592653589793
-1.0 -1.0366325698135053e-06 -0.00016033655418602814 3.141592653589793
-1.0 -5.406585076722343e-07 -0.00016167210248478186 3.141592653589793
-1.0 1.5326073321178008e-06 -0.0001619080417840698 3.141592653589793
-1.0 2.3395072037526563e-06 -0.00016236286867127387 3.141592653589793
-1.0 3.5124097207129317e-06 -0.00016198054368604295 3.141592653589793
-1.0 5.0946650040793e-06 -0.00016271775392302806 3.141592653589793
-1.0 5.901901082831042e-06 -0.00016242653369055742 3.141592653589793
-1.0 6.980604751204443e-06 -0.00016201466411651692 3.141592653589793
-1.0 6.258775168225713e-06 -0.00016069286381165254 3.141592653589793
-1.0 4.970058973899649e-06 -0.0001600601799833022 3.141592653589793
-1.0 5.801751459342429e-06 -0.00016016353981649536 3.141592653589793
-1.0 6.17960158512024e-06 -0.00015954977207374252 3.141592653589793
-1.0 6.101868404572041e-06 -0.00015696425924822575 3.141592653589793
-1.0 7.020487034590085e-06 -0.00015502647461760103 3.141592653589793
-1.0 6.407691411401602e-06 -0.00015625272534943506 3.141592653589793
-1.0 7.0158619281817775e-06 -0.00015431977274281782 3.141592653589793
-1.0 7.348123280369803e-06 -0.00015420797138158615 3.141592653589793
-1.0 6.709889026836854e-06 -0.00015405243386522213 3.141592653589793
-1.0 7.747173393384332e-06 -0.00015223559208301992 3.141592653589793
-1.0 7.959715869763834e-06 -0.00015112609392235887 3.141592653589793
-1.0 7.499006160578297e-06 -0.00015142240131050145 3.141592653589793
-1.0 6.781687217250007e-06 -0.00015180132788556372 3.141592653589793
-1.0 6.956926186010903e-06 -0.00015155499673343318 3.141592653589793
-1.0 6.345156176808061e-06 -0.00015031565370524064 3.141592653589793
-1.0 6.240063192705905e-06 -0.0001487583629370089 3.141592653589793
-1.0 5.29282726884729e-06 -0.00014830501759335624 3.141592653589793
-1.0 5.468409659187883e-06 -0.00014710606739031678 3.141592653589793
-1.0 6.90308671670967e-06 -0.0001468255148054734 3.141592653589793
-1.0 6.074955692135084e-06 -0.00014501688680466573 3.141592653589793
-1.0 7.407258376425245e-06 -0.00014406702582957868 3.141592653589793
-1.0 6.789168910690078e-06 -0.00014494920913716064 3.141592653589793
-1.0 6.684841392242218e-06 -0.0001427121973399969 3.141592653589793
-1.0 5.56978006830356e-06 -0.0001418693709887282 3.141592653589793
-1.0 5.079886907921169e-06 -0.00014139436685079836 3.141592653589793
-1.0 4.946138240347643e-06 -0.00014074346051134483 3.141592653589793
-1.0 4.658496760777869e-06 -0.00013954417712177988 3.141592653589793
-1.0 5.401845786991622e-06 -0.00014150301955082064 3.141592653589793
-1.0 4.857116829301017e-06 -0.00014136713068600988 3.141592653589793
-1.0 5.612738660781246e-06 -0.000141571616456562 3.141592653589793
-1.0 6.564843806261602e-06 -0.00014092004808662173 3.141592653589793
-1.0 7.535922133144532e-06 -0.00014122678128527066 3.141592653589793
-1.0 7.55073432765065e-06 -0.00013958312323958418 3.141592653589793
-1.0 7.988903164139873e-06 -0.0001370625762153688 3.141592653589793
-1.0 8.286400721112197e-06 -0.00013707607909493934 3.141592653589793
-1.0 8.331739137763333e-06 -0.00013659359338312124 3.141592653589793
-1.0 9.734000681035628e-06 -0.00013517126971073452 3.141592653589793
-1.0 9.880346306411106e-06 -0.00013386165756703404 3.141592653589793
-1.0 9.428916061103606e-06 -0.00013369388225181487 3.141592653589793
-1.0 9.65831190090847e-06 -0.0001344931700891194 3.141592653589793
-1.0 9.797393004092981e-06 -0.0001346789410679988 3.141592653589793
-1.0 1.0029440999512985e-05 -0.00013482578631512966 3.141592653589793
-1.0 8.774175082105824e-06 -0.00013460493167780077 3.141592653589793
-1.0 7.811180886013001e-06 -0.000133820593614898 3.141592653589793
-1.0 1.0418133124232997e-05 -0.00013426883167119081 3.141592653589793
-1.0 9.478907270990738e-06 -0.00013401639035904423 3.141592653589793
-1.0 9.015246994225324e-06 -0.00013367548484594815 3.141592653589793
-1.0 8.308171772038072e-06 -0.00013180050659725975 3.141592653589793
-1.0 7.540121845806064e-06 -0.00012953676722028435 3.141592653589793
-1.0 5.730433878876182e-06 -0.00012906204630461747 3.141592653589793
-1.0 4.357441994019822e-06 -0.0001264352432462502 3.141592653589793
-1.0 4.099218179014588e-06 -0.00012531557640887511 3.141592653589793
-1.0 5.4231641797428155e-06 -0.00012518022584524365 3.141592653589793
-1.0 5.2709469816723085e-06 -0.0001242867104152772 3.141592653589793
-1.0 3.654595737680718e-06 -0.00012451798438286178 3.141592653589793
-1.0 4.954972809262767e-06 -0.00012586447826579375 3.141592653589793
-1.0 5.7144249578470335e-06 -0.0001255651687296264 3.141592653589793
-1.0 5.112339586447464e-06 -0.00012415565771839885 3.141592653589793
-1.0 4.236176642225843e-06 -0.0001237319938647091 3.141592653589793
-1.0 5.1005949206954066e-06 -0.0001241117545308771 3.141592653589793
-1.0 4.950076437484825e-06 -0.0001234162118511922 3.141592653589793
-1.0 6.643361145626123e-06 -0.0001247975242802667 3.141592653589793
-1.0 5.121822694394735e-06 -0.00012220696806802437 3.141592653589793
-1.0 4.823748896807947e-06 -0.00012313272231100447 3.141592653589793
-1.0 4.172069238008882e-06 -0.00012298754383668876 3.141592653589793
-1.0 5.38891003574451e-06 -0.00012073251484059448 3.141592653589793
-1.0 4.587977415692292e-06 -0.00012147172909284189 3.141592653589793
-1.0 3.957808259792198e-06 -0.00012029896068108218 3.141592653589793
-1.0 2.394944388641969e-06 -0.00011968946477040493 3.141592653589793
-1.0 2.830143242854628e-06 -0.00012082018918199953 3.141592653589793
-1.0 3.5796818691580826e-06 -0.00011835714415169566 3.141592653589793
-1.0 4.641885394289551e-06 -0.00011935961373846961 3.141592653589793
-1.0 3.877057489010782e-06 -0.00011641104757688334 3.141592653589793
-1.0 2.6716164198517475e-06 -0.00011437249746065196 3.141592653589793
-1.0 3.5804336851658158e-06 -0.00011386824121824087 3.141592653589793
-1.0 3.6562267975332584e-06 -0.00011131996487854038 3.141592653589793
-1.0 2.119450846456759e-06 -0.00011045602816651797 3.141592653589793
-1.0 1.0160804292421273e-06 -0.00011037073624961008 3.141592653589793
-1.0 1.3179444958376047e-06 -0.00011116362607036556 3.141592653589793
-1.0 5.596767915796469e-07 -0.00011032425407764888 3.141592653589793
-1.0 3.1438646257723286e-07 -0.00011065293363505474 3.141592653589793
-1.0 6.392476439433972e-07 -0.00010558512992525964 3.141592653589793
-1.0 3.2186198514251107e-07 -0.00010428849112523904 3.141592653589793
-1.0 7.81953425073407e-07 -0.00010190309620621001 3.141592653589793
-1.0 3.112629901285957e-07 -9.809275192916036e-05 3.141592653589793
-1.0 1.7394244162452856e-06 -9.754621538831243e-05 3.141592653589793
-1.0 3.581202684050323e-07 -9.606035509542672e-05 3.141592653589793
-1.0 -8.223184541962696e-08 -9.438802753281628e-05 3.141592653589793
-1.0 2.650465727762306e-07 -9.483087868915397e-05 3.141592653589793
-1.0 6.274779033054381e-07 -9.400243717136967e-05 3.141592653589793
-1.0 1.318461926419862e-06 -9.227272787589533e-05 3.141592653589793
-1.0 2.736823622149545e-06 -9.216415461898762e-05 3.141592653589793
-1.0 2.4695068531515063e-06 -9.10448159655674e-05 3.141592653589793
-1.0 9.645668981279907e-07 -9.107757740193084e-05 3.141592653589793
-1.0 7.320819857517376e-07 -9.034284009359825e-05 3.141592653589793
-1.0 2.458603783956356e-06 -8.978499491186515e-05 3.141592653589793
-1.0 1.945924094387952e-06 -8.828516333543265e-05 3.141592653589793
-1.0 1.9972778199021147e-06 -8.674534564472989e-05 3.141592653589793
-1.0 1.895766141639324e-06 -8.544948542532013e-05 3.141592653589793
-1.0 3.5453337969182997e-06 -8.474766326997659e-05 3.141592653589793
-1.0 4.1332588084548384e-06 -8.520733049200579e-05 3.141592653589793
-1.0 3.6692268362977358e-06 -8.291903347858148e-05 3.141592653589793
-1.0 5.465964219237522e-06 -8.283558173544247e-05 3.141592653589793
-1.0 5.649969166763089e-06 -8.255283332864314e-05 3.141592653589793
-1.0 4.202714621500679e-06 -8.136383555059826e-05 3.141592653589793
-1.0 3.928560353904024e-06 -7.935418360186632e-05 3.141592653589793
-1.0 2.9315104616358367e-06 -7.720974822935536e-05 3.141592653589793
-1.0 2.20921481203242e-06 -7.466236270481362e-05 3.141592653589793
-1.0 1.005843344967623e-06 -7.386030984480731e-05 3.141592653589793
-1.0 3.048634625591479e-07 -7.339710080969156e-05 3.141592653589793
-1.0 9.786539664093405e-07 -7.123073821495251e-05 3.141592653589793
-1.0 3.761747399499727e-07 -6.844541636291755e-05 3.141592653589793
-1.0 -7.780039944781662e-07 -6.576959522787563e-05 3.141592653589793
-1.0 -1.51976440571755e-06 -6.341643968210998e-05 3.141592653589793
-1.0 -1.2191025331941316e-06 -6.39214137869229e-05 3.141592653589793
-1.0 -2.4594627895696105e-06 -6.170890829870757e-05 3.141592653589793
-1.0 -4.386172739592867e-06 -6.0354249514487636e-05 3.141592653589793
-1.0 -6.2440855685564365e-06 -5.704652566422944e-05 3.141592653589793
-1.0 -1.0856865613834884e-05 -5.3809109850284636e-05 3.141592653589793
-1.0 -1.6948948641877103e-05 -5.054945563234509e-05 3.141592653589793
-1.0 -4.34819915289031e-05 -3.717844602516691e-05 3.141592653589793
-1.0 -3.269782545121356e-05 -4.150172489266032e-05 3.141592653589793
