1.0 -0.0002 0.0 3.141592653589793
1.0 -0.0002004477678920153 -2.3522344892970165e-06 3.141592653589793
1.0 -0.00019849457970359837 -2.000387186254878e-06 3.141592653589793
1.0 -0.00019579563479031397 -2.1502806585009458e-06 3.141592653589793
1.0 -0.00019609540404416547 -2.3058516298914687e-06 3.141592653589793
1.0 -0.00019384251363625777 -2.6643436374214788e-06 3.141592653589793
1.0 -0.00019376357439000207 -1.8526874989064737e-06 3.141592653589793
1.0 -0.0001911201363896129 -1.628091760683305e-06 3.141592653589793
1.0 -0.00019143171464805687 2.915885425391345e-07 3.141592653589793
1.0 -0.0001908454339816774 2.3663916813324154e-07 3.141592653589793
1.0 -0.00019099708303237575 1.430902868358764e-07 3.141592653589793
1.0 -0.00018957293952266517 -3.5407969154378154e-07 3.141592653589793
1.0 -0.00018785065867493598 4.089468309168672e-08 3.141592653589793
1.0 -0.00018581144459515317 -1.3447735498741269e-06 3.141592653589793
1.0 -0.00018402395264395318 -3.3434116988625303e-07 3.141592653589793
1.0 -0.0001845604019653143 5.386758607753783e-07 3.141592653589793
1.0 -0.0001848734995102655 4.084635803337359e-07 3.141592653589793
1.0 -0.00018537722349622806 6.344438825961515e-07 3.141592653589793
1.0 -0.00018484384868399685 -2.1923035402854056e-08 3.141592653589793
1.0 -0.00018503244209356384 -9.718944376286702e-07 3.141592653589793
1.0 -0.00018474044861555188 -1.124926175530184e-06 3.141592653589793
1.0 -0.00018557131956689531 -2.528787192002461e-06 3.141592653589793
1.0 -0.0001841499917568038 -3.151748451240085e-06 3.141592653589793
1.0 -0.0001869615600003269 -3.434579531584245e-06 3.141592653589793
1.0 -0.0001874914054580174 -3.6648687669196498e-06 3.141592653589793
1.0 -0.00018667177529135498 -2.8848578943794734e-06 3.141592653589793
1.0 -0.0001838953080864524 -5.808005660751898e-06 3.141592653589793
1.0 -0.00018276228306792869 -5.831826850864106e-06 3.141592653589793
1.0 -0.00018078278981681605 -8.461794967592215e-06 3.141592653589793
1.0 -0.0001798212599187636 -7.991972557185475e-06 3.141592653589793
1.0 -0.00017934673632795725 -8.734569274216159e-06 3.141592653589793
1.0 -0.00017842563541440587 -1.0627721597426733e-05 3.141592653589793
1.0 -0.0001789459309568175 -1.1366010403616414e-05 3.141592653589793
1.0 -0.00017621065881567535 -1.0821600437289775e-05 3.141592653589793
1.0 -0.00017661233962173856 -1.1953919941496848e-05 3.141592653589793
1.0 -0.0001748831955700974 -1.1527708809110623e-05 3.141592653589793
1.0 -0.00017412775768166033 -1.3132930396934143e-05 3.141592653589793
1.0 -0.00017452813065992406 -1.223656145869432e-05 3.141592653589793
1.0 -0.00017443582708548354 -1.215018303333722e-05 3.141592653589793
1.0 -0.00017303300326055966 -1.1943096225246359e-05 3.141592653589793
1.0 -0.000173718196595508 -1.2479755699213735e-05 3.141592653589793
1.0 -0.00017333862146144135 -1.1960093882488623e-05 3.141592653589793
1.0 -0.0001741044593072547 -1.209208921594137e-05 3.141592653589793
1.0 -0.0001719463344240822 -1.0576707084680634e-05 3.141592653589793
1.0 -0.00017141144629837478 -9.685799864897049e-06 3.141592653589793
1.0 -0.00016991181806566753 -9.269394827739849e-06 3.141592653589793
1.0 -0.00017019775195422428 -8.668332292921915e-06 3.141592653589793
1.0 -0.000169624943280346 -8.717869168839491e-06 3.141592653589793
1.0 -0.00016686737160448878 -9.375651256358973e-06 3.141592653589793
1.0 -0.00016537876546960116 -9.657290886548805e-06 3.141592653589793
1.0 -0.0001634102570224529 -9.334666983452326e-06 3.141592653589793
1.0 -0.000162862854713904 -1.0078021681313682e-05 3.141592653589793
1.0 -0.0001622992477478915 -1.0053131823102405e-05 3.141592653589793
1.0 -0.00016202516665814583 -1.0983965372739914e-05 3.141592653589793
1.0 -0.0001614692526251895 -9.959663094189587e-06 3.141592653589793
1.0 -0.00016149734044624726 -1.0607164885740055e-05 3.141592653589793
1.0 -0.0001614720712401046 -1.0418812830397426e-05 3.141592653589793
1.0 -0.0001589688684280892 -1.3331990429402488e-05 3.141592653589793
1.0 -0.00015915549066262565 -1.40816105153333e-05 3.141592653589793
1.0 -0.0001585149476502314 -1.2666847469356029e-05 3.141592653589793
1.0 -0.0001580455617420338 -1.2404380870687064e-05 3.141592653589793
1.0 -0.00015762314263806777 -9.76261093327056e-06 3.141592653589793
1.0 -0.00015725661934970402 -1.1230244001588566e-05 3.141592653589793
1.0 -0.00015624174256246876 -1.1274992757756497e-05 3.141592653589793
1.0 -0.00015701200284675855 -1.0911867958743814e-05 3.141592653589793
1.0 -0.0001570363150556739 -1.0292362542649563e-05 3.141592653589793
1.0 -0.0001581585773175132 -1.0537225787614777e-05 3.141592653589793
1.0 -0.00015744392594587838 -1.0856459316890468e-05 3.141592653589793
1.0 -0.00015612158526158017 -1.0953755808344997e-05 3.141592653589793
1.0 -0.00015748652037290718 -1.0680385150708384e-05 3.141592653589793
1.0 -0.0001573649970962207 -1.1763693700884242e-05 3.141592653589793
1.0 -0.0001572602568429465 -1.0505712230995313e-05 3.141592653589793
1.0 -0.0001549944252678067 -1.037849449968817e-05 3.141592653589793
1.0 -0.00015465830085567304 -1.0988084165248854e-05 3.141592653589793
1.0 -0.00015404031051935077 -1.1774536744083525e-05 3.141592653589793
1.0 -0.00015198729438399612 -1.11726958937345e-05 3.141592653589793
1.0 -0.0001509374959586533 -1.0151837442382289e-05 3.141592653589793
1.0 -0.0001524786807603611 -1.0915295301315715e-05 3.141592653589793
1.0 -0.00015157088702088292 -1.3050724217494653e-05 3.141592653589793
1.0 -0.00015027480498364264 -1.268655987825829e-05 3.141592653589793
1.0 -0.0001486978734489108 -1.3763841438981793e-05 3.141592653589793
1.0 -0.00014832181472548345 -1.3973618580626839e-05 3.141592653589793
1.0 -0.00014809617137208063 -1.3963487351526758e-05 3.141592653589793
1.0 -0.00014846331967044598 -1.2338953411369479e-05 3.141592653589793
1.0 -0.0001492278082576213 -1.1593629266186529e-05 3.141592653589793
1.0 -0.0001484665068020256 -1.3461200770903595e-05 3.141592653589793
1.0 -0.00014672930304504008 -1.4600788111048635e-05 3.141592653589793
1.0 -0.00014728540304405322 -1.4521101230379236e-05 3.141592653589793
1.0 -0.00014621001261233451 -1.4664629382262946e-05 3.141592653589793
1.0 -0.0001457907936341497 -1.365673974822244e-05 3.141592653589793
1.0 -0.0001473705386672207 -1.4394071963989409e-05 3.141592653589793
1.0 -0.00014570887428001295 -1.458906784874342e-05 3.141592653589793
1.0 -0.00014554964691389425 -1.4865808931323091e-05 3.141592653589793
1.0 -0.0001451421507202891 -1.4314315185217734e-05 3.141592653589793
1.0 -0.0001446301495584523 -1.484925787580626e-05 3.141592653589793
1.0 -0.0001427048987940198 -1.5347649446442887e-05 3.141592653589793
1.0 -0.00014389181569001864 -1.619277221938219e-05 3.141592653589793
1.0 -0.00014296632573837246 -1.707983536007721e-05 3.141592653589793
1.0 -0.0001412497679247477 -1.7869414454782656e-05 3.141592653589793
1.0 -0.00014051412510503416 -1.6290537545434405e-05 3.141592653589793
1.0 -0.00014030130496380257 -1.770281823863359e-05 3.141592653589793
1.0 -0.00013925013676725328 -1.7780547065965946e-05 3.141592653589793
1.0 -0.00013796420314829343 -1.9107190440824716e-05 3.141592653589793
1.0 -0.00013597192949920967 -1.766240773081885e-05 3.141592653589793
1.0 -0.00013601659928054035 -1.7281626266739452e-05 3.141592653589793
1.0 -0.00013653793252208193 -1.603751209211566e-05 3.141592653589793
1.0 -0.000136832176864187 -1.5930854402435485e-05 3.141592653589793
1.0 -0.0001367794945029094 -1.8292634915705372e-05 3.141592653589793
1.0 -0.00013511768875091158 -1.923758638597238e-05 3.141592653589793
1.0 -0.0001349081777492861 -1.69404970648797e-05 3.141592653589793
1.0 -0.00013341273382765193 -1.5794065212609714e-05 3.141592653589793
1.0 -0.00013460915430859699 -1.6491219836829278e-05 3.141592653589793
1.0 -0.00013197321825893026 -1.7340035655182023e-05 3.141592653589793
1.0 -0.00013218951109407207 -1.5770344943326283e-05 3.141592653589793
1.0 -0.0001310538886600166 -1.722294267863584e-05 3.141592653589793
1.0 -0.0001295492539143124 -1.821577194157422e-05 3.141592653589793
1.0 -0.0001290847169842394 -1.9419588468588964e-05 3.141592653589793
1.0 -0.00012933880237118252 -2.0002021388769664e-05 3.141592653589793
1.0 -0.00012813613005445366 -1.957667281058734e-05 3.141592653589793
1.0 -0.0001276996962456754 -1.955778010286912e-05 3.141592653589793
1.0 -0.00012501724382997224 -1.7534352540039098e-05 3.141592653589793
1.0 -0.00012453684472402734 -1.815167769291143e-05 3.141592653589793
1.0 -0.0001230799659519549 -1.7502605651253056e-05 3.141592653589793
1.0 -0.0001235838912157575 -1.68592898071828e-05 3.141592653589793
1.0 -0.00012172464297676759 -1.731065478782777e-05 3.141592653589793
1.0 -0.00012118251376517208 -1.732167793608431e-05 3.141592653589793
1.0 -0.00012019368789719792 -1.7510207795270103e-05 3.141592653589793
1.0 -0.0001197855906829023 -1.6587299197464393e-05 3.141592653589793
1.0 -0.00012029693150014014 -1.5061567611732988e-05 3.141592653589793
1.0 -0.00011823727554221251 -1.4874877932705523e-05 3.141592653589793
1.0 -0.00011644521382778522 -1.561576626671174e-05 3.141592653589793
1.0 -0.0001164224259171784 -1.4108244941240723e-05 3.141592653589793
1.0 -0.00011493772754861386 -1.397642744650073e-05 3.141592653589793
1.0 -0.00011337664324347736 -1.2860242327624301e-05 3.141592653589793
1.0 -0.00011441052611042843 -1.2207400008630669e-05 3.141592653589793
1.0 -0.0001123373978299316 -1.2614512574434367e-05 3.141592653589793
1.0 -0.00011152822187313744 -1.2927777681497152e-05 3.141592653589793
1.0 -0.00011112056965952656 -1.349896108743738e-05 3.141592653589793
1.0 -0.0001088562035724374 -1.3464501986540021e-05 3.141592653589793
1.0 -0.00010904662907568525 -1.3748421071110896e-05 3.141592653589793
1.0 -0.00010670463116960703 -1.4032015539727073e-05 3.141592653589793
1.0 -0.00010459198782712625 -1.4884715932536767e-05 3.141592653589793
1.0 -0.00010480851353595339 -1.448041213929512e-05 3.141592653589793
1.0 -0.00010331572409897018 -1.4408799174533921e-05 3.141592653589793
1.0 -0.00010189185360679773 -1.384301522771597e-05 3.141592653589793
1.0 -0.0001002741034436886 -1.3796494923904482e-05 3.141592653589793
1.0 -0.00010013831269054847 -1.3101600826062526e-05 3.141592653589793
1.0 -9.864197609713188e-05 -1.4037063869203447e-05 3.141592653589793
1.0 -9.78845301411391e-05 -1.3739486633276261e-05 3.141592653589793
1.0 -9.562247780886576e-05 -1.5237980210333533e-05 3.141592653589793
1.0 -9.472644276454268e-05 -1.6458239852638192e-05 3.141592653589793
1.0 -9.335368787935679e-05 -1.5788471962392438e-05 3.141592653589793
1.0 -9.2670901367847e-05 -1.5248409392053576e-05 3.141592653589793
1.0 -9.226844649309303e-05 -1.5852244258933023e-05 3.141592653589793
1.0 -9.078249286941379e-05 -1.736410163884346e-05 3.141592653589793
1.0 -8.913345957553644e-05 -1.7317664096010676e-05 3.141592653589793
1.0 -8.888364237759943e-05 -1.6491763664075246e-05 3.141592653589793
1.0 -8.7910966965542e-05 -1.6921879806786777e-05 3.141592653589793
1.0 -8.760555840867478e-05 -1.8301059846010878e-05 3.141592653589793
1.0 -8.669270430310504e-05 -1.684022178148322e-05 3.141592653589793
1.0 -8.496518560406018e-05 -1.5427297681233646e-05 3.141592653589793
1.0 -8.401979091234505e-05 -1.570554631400521e-05 3.141592653589793
1.0 -8.37962690270917e-05 -1.5901985757200597e-05 3.141592653589793
1.0 -8.460727439073406e-05 -1.5642532265809312e-05 3.141592653589793
1.0 -8.449947356244983e-05 -1.6557941659039902e-05 3.141592653589793
1.0 -8.305573706883982e-05 -1.674893962389481e-05 3.141592653589793
1.0 -8.172943679171989e-05 -1.768977481450022e-05 3.141592653589793
1.0 -7.886856622614212e-05 -1.773152613663014e-05 3.141592653589793
1.0 -7.660088761825795e-05 -1.9430432541606155e-05 3.141592653589793
1.0 -7.570368113828197e-05 -1.804285091019905e-05 3.141592653589793
1.0 -7.440802504166393e-05 -1.773521655958946e-05 3.141592653589793
1.0 -7.436154893296584e-05 -1.5615177719313003e-05 3.141592653589793
1.0 -7.389571630518286e-05 -1.6264206674827672e-05 3.141592653589793
1.0 -7.28877197781397e-05 -1.7898334791879167e-05 3.141592653589793
1.0 -7.077740881959412e-05 -1.9531933784614156e-05 3.141592653589793
1.0 -6.98570360787938e-05 -1.975087301483842e-05 3.141592653589793
1.0 -6.849229385333675e-05 -1.9879480160577318e-05 3.141592653589793
1.0 -6.663919624672564e-05 -1.956986022837311e-05 3.141592653589793
1.0 -6.541215483408397e-05 -1.9075394900581453e-05 3.141592653589793
1.0 -6.495619025491419e-05 -1.8730447439282018e-05 3.141592653589793
1.0 -6.22828339744164e-05 -1.9754038828485658e-05 3.141592653589793
1.0 -6.094880763891954e-05 -2.1731188349252694e-05 3.141592653589793
1.0 -5.862305313067766e-05 -2.3877870442366374e-05 3.141592653589793
1.0 -5.544435732159335e-05 -2.4963322112682394e-05 3.141592653589793
1.0 -5.331094139411493e-05 -2.546890910239255e-05 3.141592653589793
1.0 -5.2723623577197294e-05 -2.7890728517644027e-05 3.141592653589793
1.0 -4.885820603307479e-05 -3.0239581108237887e-05 3.141592653589793
1.0 -4.341933324633524e-05 -3.101769754863097e-05 3.141592653589793
1.0 -3.7665063261738844e-05 -3.5183642853360576e-05 3.141592653589793
1.0 -1.0682972205100696e-05 -4.91829017971462e-05 3.141592653589793
1.0 -2.2239189410418507e-05 -4.5310476495842645e-05 3.141592653589793
