-1.0 0.0 0.0002 3.141592653589793
-1.0 2.2568621770503932e-06 0.00019783526132324198 3.141592653589793
-1.0 2.2435757843316196e-06 0.00019821821836636243 3.141592653589793
-1.0 1.801176567960123e-06 0.00019763768081071712 3.141592653589793
-1.0 1.1718097854489283e-06 0.00019509420048721706 3.141592653589793
-1.0 1.5873541700326112e-06 0.00019585201050305307 3.141592653589793
-1.0 1.6874547778908719e-06 0.00019533109792375505 3.141592653589793
-1.0 1.544435663925132e-06 0.0001950796069356963 3.141592653589793
-1.0 1.1795370782764382e-06 0.00019599164918631475 3.141592653589793
-1.0 1.1453611617836506e-06 0.00019382223550606876 3.141592653589793
-1.0 4.890521865165291e-08 0.0001924017869424891 3.141592653589793
-1.0 1.539189822711432e-07 0.00019273368400007758 3.141592653589793
-1.0 -9.30444289725665e-07 0.00019173679480521017 3.141592653589793
-1.0 -1.4428190997599663e-06 0.00019204956843069427 3.141592653589793
-1.0 -3.0254888992580814e-06 0.00019077347302647103 3.141592653589793
-1.0 -2.0928721340846993e-06 0.0001915802980973173 3.141592653589793
-1.0 -2.920045889102567e-06 0.00019352851864178677 3.141592653589793
-1.0 -2.9217736995560366e-06 0.0001903520776200749 3.141592653589793
-1.0 -3.9130594789732295e-06 0.00019058085033737485 3.141592653589793
-1.0 -1.61200534000974e-06 0.00019175798121329364 3.141592653589793
-1.0 -1.6107734358644782e-06 0.00019210623982379845 3.141592653589793
-1.0 -2.2844839109807364e-06 0.00019434036382301765 3.141592653589793
-1.0 -2.339527641653478e-06 0.00019566274334876816 3.141592653589793
-1.0 -2.1591648051876197e-07 0.00019491813423196084 3.141592653589793
-1.0 -3.6748813720584196e-07 0.0001950454453023368 3.141592653589793
-1.0 1.6321732082419397e-06 0.00019511552987771128 3.141592653589793
-1.0 7.895467339941993e-07 0.00019372756744550547 3.141592653589793
-1.0 3.0131016289936725e-06 0.0001925317455077079 3.141592653589793
-1.0 2.6405137223864333e-06 0.0001906157855219367 3.141592653589793
-1.0 2.049056719284338e-06 0.00019051534661811747 3.141592653589793
-1.0 6.834530221665603e-07 0.00018964104902578674 3.141592653589793
-1.0 9.266376386325192e-07 0.00018978322708154067 3.141592653589793
-1.0 -1.161976230714684e-07 0.0001872713794074744 3.141592653589793
-1.0 -6.124204467217025e-07 0.0001866433904143052 3.141592653589793
-1.0 -7.687803501120839e-07 0.0001853635894833128 3.141592653589793
-1.0 2.3067553334559505e-07 0.0001831860872490574 3.141592653589793
-1.0 -9.692939204452746e-08 0.00018334310446532778 3.141592653589793
-1.0 1.4424695525852383e-07 0.00018354984713349906 3.141592653589793
-1.0 8.292441964519576e-07 0.00018341568815673302 3.141592653589793
-1.0 2.3043238488494034e-07 0.0001828569516118798 3.141592653589793
-1.0 -1.0111142183478236e-06 0.00018085255953406828 3.141592653589793
-1.0 -1.1320047920847547e-06 0.0001810308707562547 3.141592653589793
-1.0 -7.270982499920422e-07 0.0001808759106448033 3.141592653589793
-1.0 -2.0225185998614617e-06 0.0001809439747972761 3.141592653589793
-1.0 -1.8830551238828138e-07 0.00018072814371604637 3.141592653589793
-1.0 -1.8091269698288119e-06 0.00018181200359991168 3.141592653589793
-1.0 -1.6367942000399485e-06 0.00018227401627274946 3.141592653589793
-1.0 -9.664332804412582e-07 0.0001811308250369304 3.141592653589793
-1.0 -9.132717276379622e-07 0.00017959620032396504 3.141592653589793
-1.0 -3.455482562962778e-07 0.00017801487770042018 3.141592653589793
-1.0 2.0633038326486583e-07 0.0001786208585802971 3.141592653589793
-1.0 1.1171266126998208e-06 0.0001773884435608473 3.141592653589793
-1.0 1.0847731266374176e-06 0.0001761492845779821 3.141592653589793
-1.0 4.025688002704612e-07 0.00017577021994619963 3.141592653589793
-1.0 -8.53674998924959e-07 0.00017319290460821363 3.141592653589793
-1.0 -9.022360472893935e-07 0.00017172634447661905 3.141592653589793
-1.0 -2.3609448910750505e-06 0.00017250416683114523 3.141592653589793
-1.0 -2.4496888603896384e-06 0.00017010504873562522 3.141592653589793
-1.0 -1.0461208362627052e-06 0.00016998018772615458 3.141592653589793
-1.0 6.684371541481863e-07 0.00016818341588190487 3.141592653589793
-1.0 1.923712928803841e-06 0.00016764034997374 3.141592653589793
-1.0 1.9037292630062456e-06 0.0001671452062780282 3.141592653589793
-1.0 3.674353965751135e-06 0.00016827706587625737 3.141592653589793
-1.0 4.051175537965041e-06 0.00016807449604262493 3.141592653589793
-1.0 3.390306142219064e-06 0.00016701462365154707 3.141592653589793
-1.0 1.998795870183292e-06 0.00016745717918744635 3.141592653589793
-1.0 1.7143662363046502e-06 0.00016690506231819242 3.141592653589793
-1.0 3.3989929280019102e-06 0.00016669070402901477 3.141592653589793
-1.0 4.108417037324186e-06 0.00016688230839916027 3.141592653589793
-1.0 1.3991904179174935e-06 0.00016596158338952945 3.141592653589793
-1.0 2.488827156210013e-06 0.00016625713086244784 3.141592653589793
-1.0 2.200374956763176e-06 0.0001644303336355194 3.141592653589793
-1.0 7.842525629309334e-07 0.00016437058671233656 3.141592653589793
-1.0 -9.902919716241494e-07 0.00016646658942973672 3.141592653589793
-1.0 -1.9570983853124893e-06 0.00016525324231083532 3.141592653589793
-1.0 -4.534920020489389e-06 0.0001639841187972424 3.141592653589793
-1.0 -4.0641934245511794e-06 0.00016295587664511872 3.141592653589793
-1.0 -3.890317820626548e-06 0.00016302411821023593 3.141592653589793
-1.0 -4.13085273865934e-06 0.00016274212688300788 3.141592653589793
-1.0 -3.848488240284959e-06 0.00016376155079402024 3.141592653589793
-1.0 -3.384471677842789e-06 0.00016523691542370998 3.141592653589793
-1.0 -2.9085056809710043e-06 0.00016427535812286502 3.141592653589793
-1.0 -3.717185751325721e-06 0.00016362532013948632 3.141592653589793
-1.0 -3.7454724535997437e-06 0.00016244757641813647 3.141592653589793
-1.0 -3.743260573879968e-06 0.00016157172645068135 3.141592653589793
-1.0 -4.529947517037957e-06 0.00016207182588135616 3.141592653589793
-1.0 -2.525070097262278e-06 0.00016240011217874195 3.141592653589793
-1.0 -3.2087928864550705e-06 0.00016276851936675822 3.141592653589793
-1.0 -4.305387322266635e-06 0.00016207503932673514 3.141592653589793
-1.0 -5.526419516246422e-06 0.00016204598995283613 3.141592653589793
-1.0 -6.03768120407306e-06 0.00016030701758597081 3.141592653589793
-1.0 -5.127350980905172e-06 0.00016178481684720917 3.141592653589793
-1.0 -5.283760007546764e-06 0.0001593744167407575 3.141592653589793
-1.0 -5.256304130205965e-06 0.00015904450233378658 3.141592653589793
-1.0 -6.7481851727814735e-06 0.00015776358078052271 3.141592653589793
-1.0 -5.71726740032487e-06 0.00015572637877094803 3.141592653589793
-1.0 -6.5005609961537556e-06 0.00015614191145829913 3.141592653589793
-1.0 -4.980290844903313e-06 0.00015570967348715024 3.141592653589793
-1.0 -4.2517879300006045e-06 0.00015507934697600286 3.141592653589793
-1.0 -4.198824358463313e-06 0.00015243095295145386 3.141592653589793
-1.0 -3.1930174007291643e-06 0.00015243648273071157 3.141592653589793
-1.0 -2.8185941238233655e-06 0.000153037576320602 3.141592653589793
-1.0 -4.189329711028511e-06 0.000151627537779802 3.141592653589793
-1.0 -4.570927932539237e-06 0.00015255620706764364 3.141592653589793
-1.0 -5.4781607545657e-06 0.00015201062553679037 3.141592653589793
-1.0 -4.942625614983321e-06 0.00015081917721988165 3.141592653589793
-1.0 -3.3903100426186265e-06 0.00015068677553340215 3.141592653589793
-1.0 -3.5754377202380198e-06 0.0001502659478435899 3.141592653589793
-1.0 -2.2261150366322674e-06 0.00015103523010271902 3.141592653589793
-1.0 -1.7987836407904348e-06 0.0001513644402055598 3.141592653589793
-1.0 -5.389111151120577e-07 0.00014884243213472486 3.141592653589793
-1.0 -1.8869270135074925e-06 0.0001489378864578661 3.141592653589793
-1.0 -1.3358206112652478e-06 0.0001486469871529383 3.141592653589793
-1.0 -7.175405386496046e-07 0.00014853360305857935 3.141592653589793
-1.0 -4.22483627421605e-07 0.00014747144004603345 3.141592653589793
-1.0 -1.399007929514314e-06 0.00014831451980874095 3.141592653589793
-1.0 -1.6383418502567637e-06 0.00014692486651236416 3.141592653589793
-1.0 -1.4431957471558927e-06 0.00014707901449955785 3.141592653589793
-1.0 9.759630752533753e-09 0.0001448890657406229 3.141592653589793
-1.0 -1.1956043726688048e-07 0.00014359532310107278 3.141592653589793
-1.0 1.697892811652487e-06 0.00014171797240060126 3.141592653589793
-1.0 2.6423576031814594e-06 0.00014114880514761778 3.141592653589793
-1.0 3.0875154699680686e-06 0.00013986067445843198 3.141592653589793
-1.0 3.4520598111858208e-06 0.00013872951018365949 3.141592653589793
-1.0 4.6651841114916945e-06 0.0001381780948693377 3.141592653589793
-1.0 4.6844176368545195e-06 0.00013823385684532473 3.141592653589793
-1.0 5.179153830239755e-06 0.00013439494114889802 3.141592653589793
-1.0 4.031213403262473e-06 0.00013434331877672318 3.141592653589793
-1.0 3.6458669372186937e-06 0.00013542754219280327 3.141592653589793
-1.0 3.1275220788730444e-06 0.0001330131283027297 3.141592653589793
-1.0 3.9134225436803265e-06 0.0001314995114467283 3.141592653589793
-1.0 2.707146131750997e-06 0.00013167457417454824 3.141592653589793
-1.0 3.5032797509728364e-06 0.00012949945438615266 3.141592653589793
-1.0 4.085718002459524e-06 0.00013018130736393505 3.141592653589793
-1.0 4.684133486514517e-06 0.00012931805088057648 3.141592653589793
-1.0 4.380334639450352e-06 0.00012664945353599278 3.141592653589793
-1.0 6.188429604016427e-06 0.00012641845996214416 3.141592653589793
-1.0 6.416628938788759e-06 0.00012614538085620593 3.141592653589793
-1.0 7.486394198345392e-06 0.00012537697832384198 3.141592653589793
-1.0 5.847794055742869e-06 0.00012546846061974113 3.141592653589793
-1.0 3.887741743911512e-06 0.00012456501639824 3.141592653589793
-1.0 4.932857079359002e-06 0.0001229626298289074 3.141592653589793
-1.0 5.179034753284072e-06 0.00012138164478951344 3.141592653589793
-1.0 5.183514265536362e-06 0.0001189974294478598 3.141592653589793
-1.0 4.833741156507652e-06 0.00011928016839548001 3.141592653589793
-1.0 4.898119263985579e-06 0.00011775233649771844 3.141592653589793
-1.0 4.405490792785172e-06 0.0001166786422346056 3.141592653589793
-1.0 4.737199976528698e-06 0.00011603365008238294 3.141592653589793
-1.0 4.283404854173471e-06 0.0001148215567593502 3.141592653589793
-1.0 4.360892434924866e-06 0.00011364836465259114 3.141592653589793
-1.0 4.333260614659121e-06 0.0001134834849460125 3.141592653589793
-1.0 4.462762803445727e-06 0.00011101555598128863 3.141592653589793
-1.0 4.783261184221344e-06 0.00010904318146572223 3.141592653589793
-1.0 5.721464314090046e-06 0.00010819821659470494 3.141592653589793
-1.0 6.246412364987217e-06 0.00010704554642152032 3.141592653589793
-1.0 6.737802027394896e-06 0.00010610886526036307 3.141592653589793
-1.0 7.662909677892601e-06 0.0001033405395984365 3.141592653589793
-1.0 8.91300768244557e-06 0.00010173476550620364 3.141592653589793
-1.0 9.885046543557548e-06 9.958863517058549e-05 3.141592653589793
-1.0 1.166767215779945e-05 9.881780587734288e-05 3.141592653589793
-1.0 1.0931375802871758e-05 9.761977028153073e-05 3.141592653589793
-1.0 1.2334478072764155e-05 9.510196216710402e-05 3.141592653589793
-1.0 1.2882683792743241e-05 9.389294631266743e-05 3.141592653589793
-1.0 1.2593664738787831e-05 9.219861646485644e-05 3.141592653589793
-1.0 1.173002417608569e-05 8.955299974146958e-05 3.141592653589793
-1.0 8.824333758774692e-06 8.879486202776741e-05 3.141592653589793
-1.0 8.404186578186321e-06 8.774761787720613e-05 3.141592653589793
-1.0 8.16941270422419e-06 8.771617739525121e-05 3.141592653589793
-1.0 8.860911650349619e-06 8.678449632902097e-05 3.141592653589793
-1.0 8.553597046526646e-06 8.506549123680258e-05 3.141592653589793
-1.0 8.54289735789162e-06 8.539249551498234e-05 3.141592653589793
-1.0 9.188614855972005e-06 8.72063193907296e-05 3.141592653589793
-1.0 9.656591175238532e-06 8.530083852269895e-05 3.141592653589793
-1.0 9.129214062796287e-06 8.286111522267568e-05 3.141592653589793
-1.0 1.0468614629304265e-05 8.154615602313104e-05 3.141592653589793
-1.0 1.0282163542264306e-05 7.991725145586926e-05 3.141592653589793
-1.0 1.1962202556182959e-05 7.830032295271739e-05 3.141592653589793
-1.0 1.162987792175863e-05 7.54498376846876e-05 3.141592653589793
-1.0 1.4129264080821575e-05 7.345434787047943e-05 3.141592653589793
-1.0 1.5888019812741733e-05 7.133612642379335e-05 3.141592653589793
-1.0 1.3740811186130214e-05 6.981944115496194e-05 3.141592653589793
-1.0 1.407897367238823e-05 6.770540342226084e-05 3.141592653589793
-1.0 1.4713069363838362e-05 6.470262963898576e-05 3.141592653589793
-1.0 1.5344857039838953e-05 6.405549237679466e-05 3.141592653589793
-1.0 1.7298878325209136e-05 6.289922238317074e-05 3.141592653589793
-1.0 1.8746302389520938e-05 5.915985081661353e-05 3.141592653589793
-1.0 2.157149750116124e-05 5.5008534931194785e-05 3.141592653589793
-1.0 2.4088484545538432e-05 5.3765110964722536e-05 3.141592653589793
-1.0 2.766606144755758e-05 5.035931051842057e-05 3.141592653589793
-1.0 3.2530142170389165e-05 4.427005658055813e-05 3.141592653589793
