1.0 0.0002 0.0 3.141592653589793
1.0 0.00019802734432682747 1.1801327108205964e-06 3.141592653589793
1.0 0.0001980028166280593 2.2764011983054018e-06 3.141592653589793
1.0 0.00019793299375139744 1.7745785516081677e-06 3.141592653589793
1.0 0.00019770412191437068 2.0715081693407883e-06 3.141592653589793
1.0 0.0001973483444822584 2.3252152865060336e-07 3.141592653589793
1.0 0.0001962519905501564 1.1772297957723938e-07 3.141592653589793
1.0 0.00019528165041782965 -6.628782615837398e-07 3.141592653589793
1.0 0.00019593462988770817 -6.825896228522128e-07 3.141592653589793
1.0 0.00019507045299758526 -1.9751308591272423e-06 3.141592653589793
1.0 0.00019507169939258888 -2.8614413322398957e-06 3.141592653589793
1.0 0.00019515922837036662 -2.9075945315392242e-06 3.141592653589793
1.0 0.00019383608266114786 -3.599579639498703e-06 3.141592653589793
1.0 0.00019459111758869885 -3.0926954815037628e-06 3.141592653589793
1.0 0.00019641044963102043 -1.8814608951606767e-06 3.141592653589793
1.0 0.0001958263945226771 -7.528600125072351e-07 3.141592653589793
1.0 0.0001952054276269271 -5.091571978724199e-07 3.141592653589793
1.0 0.00019497060282707023 9.789318647534026e-07 3.141592653589793
1.0 0.0001943377310418435 -8.945791091860623e-07 3.141592653589793
1.0 0.0001931105566277799 -5.784550164812036e-07 3.141592653589793
1.0 0.00019281228387893153 3.4387479962241756e-07 3.141592653589793
1.0 0.00019118171659253668 7.401179729462368e-07 3.141592653589793
1.0 0.00018970193202078083 1.8520668334867893e-06 3.141592653589793
1.0 0.0001886532158298555 8.520345414181831e-07 3.141592653589793
1.0 0.00018714478267339808 6.614075874618581e-07 3.141592653589793
1.0 0.00018790985398775423 9.711027686929058e-07 3.141592653589793
1.0 0.0001876154812626038 1.2013584064070037e-06 3.141592653589793
1.0 0.00018661048654933942 -5.204203763588721e-07 3.141592653589793
1.0 0.00018584036874095088 -8.116530439070608e-07 3.141592653589793
1.0 0.00018532231704132413 6.204349774201457e-08 3.141592653589793
1.0 0.00018306675588699887 -1.0356577084158508e-06 3.141592653589793
1.0 0.00018321804076338008 -1.7002445525752265e-06 3.141592653589793
1.0 0.0001820571871265299 4.083711438007969e-07 3.141592653589793
1.0 0.00018203095982808004 9.405616997006124e-07 3.141592653589793
1.0 0.00018096592644852068 7.015062866540631e-07 3.141592653589793
1.0 0.0001794404261163213 8.03897618609176e-07 3.141592653589793
1.0 0.00017981937348196886 1.4479965914383264e-06 3.141592653589793
1.0 0.00018035827461012962 1.3874903593882576e-06 3.141592653589793
1.0 0.000180399393269943 1.106851946041615e-06 3.141592653589793
1.0 0.0001804109022826829 2.272531743691467e-07 3.141592653589793
1.0 0.00018025728696945443 8.455040620527143e-07 3.141592653589793
1.0 0.00017835123830819754 6.254662524696044e-07 3.141592653589793
1.0 0.00017725810796253587 1.7178273281043883e-07 3.141592653589793
1.0 0.0001774489448890423 5.729946954184042e-07 3.141592653589793
1.0 0.00017994328265095872 -1.4428761008642302e-06 3.141592653589793
1.0 0.00017973770527589836 -2.4742590653438787e-06 3.141592653589793
1.0 0.00018019163987890988 -1.7316290262875267e-06 3.141592653589793
1.0 0.00017978410390658987 -1.993827198144409e-06 3.141592653589793
1.0 0.00018024450404885848 -3.5449240163292066e-06 3.141592653589793
1.0 0.0001788150719077436 -2.799456686889046e-06 3.141592653589793
1.0 0.00017869333751290356 -4.5718687180514365e-06 3.141592653589793
1.0 0.00017723160698441385 -5.174576047740598e-06 3.141592653589793
1.0 0.0001772875848470184 -3.845169276091339e-06 3.141592653589793
1.0 0.00017892341092975265 -6.23344394419771e-06 3.141592653589793
1.0 0.00017742083110137554 -6.237675138841405e-06 3.141592653589793
1.0 0.00017700591181735167 -7.55578673020407e-06 3.141592653589793
1.0 0.00017539605514250268 -4.9014533465140494e-06 3.141592653589793
1.0 0.00017492020097969758 -5.247357445472225e-06 3.141592653589793
1.0 0.0001737339208545565 -3.915924719726581e-06 3.141592653589793
1.0 0.00017206400063137246 -3.4784932463873677e-06 3.141592653589793
1.0 0.00017223132920929745 -2.5884467476218885e-06 3.141592653589793
1.0 0.00017320265230375974 -2.220997665691741e-06 3.141592653589793
1.0 0.00017228012471808522 -2.757962889454944e-06 3.141592653589793
1.0 0.00017057646952874992 -2.2025948532187566e-06 3.141592653589793
1.0 0.00016934825431617605 -3.2046587979998317e-06 3.141592653589793
1.0 0.00017131070818867837 -4.056819282417137e-06 3.141592653589793
1.0 0.0001719501533849361 -4.057663992889695e-06 3.141592653589793
1.0 0.00017328444641944533 -4.183973941677462e-06 3.141592653589793
1.0 0.0001733604375378788 -4.410392056989299e-06 3.141592653589793
1.0 0.00017487576407691462 -4.563168638158577e-06 3.141592653589793
1.0 0.00017384204449597888 -5.5764073508117035e-06 3.141592653589793
1.0 0.0001720443262820587 -5.309820677689967e-06 3.141592653589793
1.0 0.00017190547392230147 -5.086710166840634e-06 3.141592653589793
1.0 0.00017136409161223995 -3.885172455953335e-06 3.141592653589793
1.0 0.00017143389684078935 -3.3562902430392645e-06 3.141592653589793
1.0 0.00016978471552208844 -1.7971019165919696e-06 3.141592653589793
1.0 0.00016929192826328402 -1.6758446972179462e-06 3.141592653589793
1.0 0.0001688653011428319 -3.8366960916392595e-06 3.141592653589793
1.0 0.00016889683658460316 -3.79743207810775e-06 3.141592653589793
1.0 0.00016807359482764333 -4.266491911242512e-06 3.141592653589793
1.0 0.00016734623946300663 -4.012204394753634e-06 3.141592653589793
1.0 0.00016705013017252166 -3.7053213483822743e-06 3.141592653589793
1.0 0.00016653505282893222 -5.09402966307474e-06 3.141592653589793
1.0 0.00016480155269519325 -5.709431436250942e-06 3.141592653589793
1.0 0.0001649519776095988 -4.878909342862236e-06 3.141592653589793
1.0 0.00016357119361881374 -4.5974575796534935e-06 3.141592653589793
1.0 0.00016317190398495548 -5.51933195176169e-06 3.141592653589793
1.0 0.00016167679096345226 -5.503100976166664e-06 3.141592653589793
1.0 0.0001608458518606844 -5.930765521959356e-06 3.141592653589793
1.0 0.00016095643397472326 -6.884875959771954e-06 3.141592653589793
1.0 0.00015918776686891278 -6.904848658428467e-06 3.141592653589793
1.0 0.000159182532070667 -7.775136894888909e-06 3.141592653589793
1.0 0.00015795115187263814 -7.479426259634327e-06 3.141592653589793
1.0 0.00015846778504180584 -8.29582728046578e-06 3.141592653589793
1.0 0.00015764633700861817 -7.93052446663924e-06 3.141592653589793
1.0 0.00015635039400643336 -9.740970938808779e-06 3.141592653589793
1.0 0.00015786897342727496 -9.721438182365557e-06 3.141592653589793
1.0 0.00015731342313207052 -9.201345948365937e-06 3.141592653589793
1.0 0.00015564552799070142 -8.421116244996477e-06 3.141592653589793
1.0 0.0001543423723948181 -8.966128617332076e-06 3.141592653589793
1.0 0.000152518571627545 -8.39396532607552e-06 3.141592653589793
1.0 0.00015185717846390347 -5.756461342678552e-06 3.141592653589793
1.0 0.0001501969794038323 -4.132192338366164e-06 3.141592653589793
1.0 0.00014928175984769672 -2.55562986772726e-06 3.141592653589793
1.0 0.00014915126415832844 -3.0626136119106164e-06 3.141592653589793
1.0 0.00014873820446149375 -3.3117745112869224e-06 3.141592653589793
1.0 0.00014664975801361593 -3.750821486397715e-06 3.141592653589793
1.0 0.0001460655615320648 -3.085152265421046e-06 3.141592653589793
1.0 0.00014566944117873546 -3.5642291776694783e-06 3.141592653589793
1.0 0.00014266098459423277 -4.302165751179196e-06 3.141592653589793
1.0 0.0001411907101906596 -3.824112537823063e-06 3.141592653589793
1.0 0.00013986876439996024 -3.5041870559057006e-06 3.141592653589793
1.0 0.00014022099280797392 -2.0831755578669005e-06 3.141592653589793
1.0 0.00014047192793164952 -1.2373069763504394e-06 3.141592653589793
1.0 0.00014018090244074496 -2.9218666804105007e-06 3.141592653589793
1.0 0.00014037076913301193 -3.919924192495031e-06 3.141592653589793
1.0 0.0001394926505200648 -4.2473648856135676e-06 3.141592653589793
1.0 0.0001395420451304552 -4.302707496388557e-06 3.141592653589793
1.0 0.00013925567913952182 -3.2973108544601027e-06 3.141592653589793
1.0 0.0001408879862133378 -3.4168332802467166e-06 3.141592653589793
1.0 0.0001399762079882381 -2.179730537011327e-06 3.141592653589793
1.0 0.00013891191342527509 -9.710121910750077e-07 3.141592653589793
1.0 0.00013770845684211595 2.0403442892734372e-07 3.141592653589793
1.0 0.000135473115418939 -2.56265925210985e-07 3.141592653589793
1.0 0.0001357594417686552 -2.264741028221051e-07 3.141592653589793
1.0 0.00013603534663729044 -1.1776431401830522e-06 3.141592653589793
1.0 0.00013612509328228965 -1.0824286578041613e-06 3.141592653589793
1.0 0.00013416136296608822 -1.9171619903761047e-06 3.141592653589793
1.0 0.00013238948919878872 -2.8180490648147077e-06 3.141592653589793
1.0 0.0001315191526958952 -3.2464352937067422e-06 3.141592653589793
1.0 0.00013076958052149107 -3.2181039675515013e-06 3.141592653589793
1.0 0.00013094671147596061 -3.048001133446155e-06 3.141592653589793
1.0 0.00012937537556997382 -2.072335669020548e-06 3.141592653589793
1.0 0.00012910824678116442 -1.0004242362038315e-06 3.141592653589793
1.0 0.00012763670969364829 -1.9957535672990156e-06 3.141592653589793
1.0 0.00012563229945389783 -1.6783127731086317e-06 3.141592653589793
1.0 0.00012526008192926188 -2.7139422967653316e-06 3.141592653589793
1.0 0.00012523620442413463 -3.5026035282380296e-06 3.141592653589793
1.0 0.0001248926892993456 -3.1859031946697487e-06 3.141592653589793
1.0 0.0001246160122110634 -3.4325516995989063e-06 3.141592653589793
1.0 0.0001228527983269378 -5.207523363939752e-06 3.141592653589793
1.0 0.00012265191867604852 -7.013258921851256e-06 3.141592653589793
1.0 0.00012229433971273576 -6.097897369761402e-06 3.141592653589793
1.0 0.00012163344746272308 -6.779410185069538e-06 3.141592653589793
1.0 0.00011995600269411807 -7.4404213685697546e-06 3.141592653589793
1.0 0.0001182651338799475 -7.632703774579205e-06 3.141592653589793
1.0 0.0001170950958691324 -7.087932428975038e-06 3.141592653589793
1.0 0.00011577530593073006 -5.450935324227517e-06 3.141592653589793
1.0 0.00011408628399547181 -7.351807844729124e-06 3.141592653589793
1.0 0.00011222750641864539 -7.680037794026058e-06 3.141592653589793
1.0 0.00011151559380565842 -7.846963032407931e-06 3.141592653589793
1.0 0.00010975358754575054 -8.651768480599565e-06 3.141592653589793
1.0 0.00010850621211952042 -1.1104863246391084e-05 3.141592653589793
1.0 0.00010730787786808188 -1.12099675721985e-05 3.141592653589793
1.0 0.00010614072240315823 -1.0808161932439268e-05 3.141592653589793
1.0 0.00010506108905440301 -1.272186516133927e-05 3.141592653589793
1.0 0.00010374709343150393 -1.0907687476325556e-05 3.141592653589793
1.0 0.00010290577501037024 -1.0953350538459115e-05 3.141592653589793
1.0 0.00010163771690623935 -9.609114568455631e-06 3.141592653589793
1.0 0.00010032196602599584 -9.905507256692162e-06 3.141592653589793
1.0 0.00010053823440724777 -1.026826699720244e-05 3.141592653589793
1.0 9.8997987478113e-05 -1.0038927837221726e-05 3.141592653589793
1.0 9.658707114599201e-05 -1.1010161486297299e-05 3.141592653589793
1.0 9.488313490036266e-05 -9.977220268360114e-06 3.141592653589793
1.0 9.159348777459189e-05 -8.633550369789346e-06 3.141592653589793
1.0 9.07848274272914e-05 -8.411407772503912e-06 3.141592653589793
1.0 8.997611719866743e-05 -6.186465219704536e-06 3.141592653589793
1.0 8.799418623586982e-05 -6.1233872473533505e-06 3.141592653589793
1.0 8.730086580867713e-05 -6.821818186738764e-06 3.141592653589793
1.0 8.687375197418113e-05 -6.771965188911715e-06 3.141592653589793
1.0 8.653187592950432e-05 -6.75242866587858e-06 3.141592653589793
1.0 8.553170046497261e-05 -7.240570208633503e-06 3.141592653589793
1.0 8.194130609455698e-05 -5.711004366562796e-06 3.141592653589793
1.0 8.10676680197196e-05 -5.042888539183193e-06 3.141592653589793
1.0 8.062562247251603e-05 -4.6351908716935545e-06 3.141592653589793
1.0 7.95663196608383e-05 -3.5679691977925416e-06 3.141592653589793
1.0 7.853152795843707e-05 -3.6214951083516517e-06 3.141592653589793
1.0 7.586187163113958e-05 -1.374937449155929e-06 3.141592653589793
1.0 7.354524253241845e-05 6.325899637379605e-07 3.141592653589793
1.0 7.265629408246195e-05 -2.9501767858574906e-07 3.141592653589793
1.0 7.008362221598667e-05 1.335760418063379e-06 3.141592653589793
1.0 6.79497702321531e-05 2.1706822619053073e-06 3.141592653589793
1.0 6.445880127670637e-05 3.2275376987642064e-06 3.141592653589793
1.0 6.20660924576108e-05 5.2191081641184306e-06 3.141592653589793
1.0 5.947443300770272e-05 7.84514879108559e-06 3.141592653589793
1.0 5.709136397717435e-05 9.328019804693441e-06 3.141592653589793
1.0 5.6166782384277215e-05 1.0847090051167342e-05 3.141592653589793
1.0 5.222125765582301e-05 1.3449562588645379e-05 3.141592653589793
1.0 4.993666648538833e-05 1.685796401783054e-05 3.141592653589793
1.0 4.482997851568662e-05 2.4014066932916353e-05 3.141592653589793
